{
    "asset": {
        "version": "2.0",
        "generator": "Open Asset Import Library (assimp v5.4.0)"
    },
    "extensionsUsed": [
        "KHR_materials_specular",
        "KHR_materials_volume",
        "FB_ngon_encoding"
    ],
    "accessors": [
        {
            "bufferView": 0,
            "byteOffset": 0,
            "componentType": 5126,
            "count": 578,
            "type": "VEC3",
            "max": [
                0.9488359689712524,
                -15.83171272277832,
                27.155445098876953
            ],
            "min": [
                -0.9463387727737427,
                -16.139318466186523,
                26.712364196777344
            ]
        },
        {
            "bufferView": 1,
            "byteOffset": 0,
            "componentType": 5126,
            "count": 578,
            "type": "VEC3",
            "max": [
                0.9996141195297241,
                0.15482549369335175,
                0.998288631439209
            ],
            "min": [
                -0.9996141195297241,
                -0.9947948455810547,
                -0.9991101026535034
            ]
        },
        {
            "bufferView": 2,
            "byteOffset": 0,
            "componentType": 5126,
            "count": 578,
            "type": "VEC2",
            "max": [
                0.542178213596344,
                0.9867849946022034
            ],
            "min": [
                0.36766257882118225,
                0.8123435974121094
            ]
        },
        {
            "bufferView": 3,
            "byteOffset": 0,
            "componentType": 5126,
            "count": 578,
            "type": "VEC2",
            "max": [
                0.34178462624549866,
                0.6098010540008545
            ],
            "min": [
                0.14927297830581665,
                0.5279364585876465
            ]
        },
        {
            "bufferView": 4,
            "byteOffset": 0,
            "componentType": 5125,
            "count": 3312,
            "type": "SCALAR",
            "max": [
                577
            ],
            "min": [
                0
            ]
        },
        {
            "bufferView": 5,
            "byteOffset": 0,
            "componentType": 5123,
            "count": 578,
            "type": "VEC4",
            "max": [
                36,
                37,
                0,
                0
            ],
            "min": [
                32,
                0,
                0,
                0
            ]
        },
        {
            "bufferView": 6,
            "byteOffset": 0,
            "componentType": 5126,
            "count": 578,
            "type": "VEC4",
            "max": [
                1.0,
                1.0,
                0.0,
                0.0
            ],
            "min": [
                1.0,
                0.0,
                0.0,
                0.0
            ]
        },
        {
            "bufferView": 7,
            "byteOffset": 0,
            "componentType": 5126,
            "count": 272,
            "type": "VEC3",
            "max": [
                72.1740493774414,
                11.914284706115723,
                20.566387176513672
            ],
            "min": [
                -72.17154693603516,
                -21.954652786254883,
                6.470712184906006
            ]
        },
        {
            "bufferView": 8,
            "byteOffset": 0,
            "componentType": 5126,
            "count": 272,
            "type": "VEC3",
            "max": [
                0.8797014355659485,
                0.9278787970542908,
                0.9999227523803711
            ],
            "min": [
                -0.8797014355659485,
                -0.48995450139045715,
                -0.9995625019073486
            ]
        },
        {
            "bufferView": 9,
            "byteOffset": 0,
            "componentType": 5126,
            "count": 272,
            "type": "VEC2",
            "max": [
                0.9709564447402954,
                0.44553446769714355
            ],
            "min": [
                0.3866841495037079,
                0.018841564655303955
            ]
        },
        {
            "bufferView": 10,
            "byteOffset": 0,
            "componentType": 5126,
            "count": 272,
            "type": "VEC2",
            "max": [
                0.979636013507843,
                0.9735360741615295
            ],
            "min": [
                0.6266828179359436,
                0.11151856184005737
            ]
        },
        {
            "bufferView": 11,
            "byteOffset": 0,
            "componentType": 5125,
            "count": 678,
            "type": "SCALAR",
            "max": [
                271
            ],
            "min": [
                0
            ]
        },
        {
            "bufferView": 12,
            "byteOffset": 0,
            "componentType": 5123,
            "count": 272,
            "type": "VEC4",
            "max": [
                78,
                78,
                78,
                78
            ],
            "min": [
                15,
                0,
                0,
                0
            ]
        },
        {
            "bufferView": 13,
            "byteOffset": 0,
            "componentType": 5126,
            "count": 272,
            "type": "VEC4",
            "max": [
                1.0,
                1.0,
                0.37556782364845276,
                0.2648155391216278
            ],
            "min": [
                0.2400139719247818,
                0.0,
                0.0,
                0.0
            ]
        },
        {
            "bufferView": 14,
            "byteOffset": 0,
            "componentType": 5126,
            "count": 21937,
            "type": "VEC3",
            "max": [
                76.5489501953125,
                78.81893920898438,
                30.67401695251465
            ],
            "min": [
                -76.54644775390625,
                -29.78473472595215,
                -0.102447509765625
            ]
        },
        {
            "bufferView": 15,
            "byteOffset": 0,
            "componentType": 5126,
            "count": 21937,
            "type": "VEC3",
            "max": [
                0.9999948740005493,
                0.9999703168869019,
                0.9999980926513672
            ],
            "min": [
                -0.9999948740005493,
                -0.9995499849319458,
                -0.999964714050293
            ]
        },
        {
            "bufferView": 16,
            "byteOffset": 0,
            "componentType": 5126,
            "count": 21937,
            "type": "VEC2",
            "max": [
                0.996056318283081,
                0.998231053352356
            ],
            "min": [
                0.004265030845999718,
                0.003985404968261719
            ]
        },
        {
            "bufferView": 17,
            "byteOffset": 0,
            "componentType": 5126,
            "count": 21937,
            "type": "VEC2",
            "max": [
                0.9986951947212219,
                0.9980093240737915
            ],
            "min": [
                0.0036647357046604156,
                0.002286553382873535
            ]
        },
        {
            "bufferView": 18,
            "byteOffset": 0,
            "componentType": 5125,
            "count": 109968,
            "type": "SCALAR",
            "max": [
                21936
            ],
            "min": [
                0
            ]
        },
        {
            "bufferView": 19,
            "byteOffset": 0,
            "componentType": 5123,
            "count": 21937,
            "type": "VEC4",
            "max": [
                148,
                148,
                147,
                147
            ],
            "min": [
                0,
                0,
                0,
                0
            ]
        },
        {
            "bufferView": 20,
            "byteOffset": 0,
            "componentType": 5126,
            "count": 21937,
            "type": "VEC4",
            "max": [
                1.002913236618042,
                1.0,
                1.0,
                0.6486519575119019
            ],
            "min": [
                0.01618935726583004,
                0.0,
                -0.0009710685117170215,
                -0.0006426815525628626
            ]
        },
        {
            "bufferView": 21,
            "byteOffset": 0,
            "componentType": 5126,
            "count": 166,
            "type": "MAT4",
            "max": [
                1.0000003576278687,
                0.9985350966453552,
                0.9886945486068726,
                0.0,
                0.986284613609314,
                1.0,
                1.0007152557373047,
                0.0,
                0.8090293407440186,
                1.0000001192092896,
                1.0,
                0.0,
                75.1787338256836,
                20.018041610717773,
                35.10392761230469,
                1.0000001192092896
            ],
            "min": [
                -1.0,
                -0.9985341429710388,
                -0.9798001646995544,
                0.0,
                -0.9841939210891724,
                -0.9995949864387512,
                -1.0011218786239624,
                0.0,
                -0.802595317363739,
                -1.0000001192092896,
                -1.0,
                0.0,
                -75.1810531616211,
                -79.0477066040039,
                -28.300024032592773,
                0.9999998807907104
            ]
        }
    ],
    "buffers": [
        {
            "byteLength": 2107120,
            "uri": "1305ae1e-a15d-4dee-a692-d6b6c76f953d.bin"
        }
    ],
    "bufferViews": [
        {
            "buffer": 0,
            "byteOffset": 0,
            "byteLength": 6936,
            "target": 34962
        },
        {
            "buffer": 0,
            "byteOffset": 6936,
            "byteLength": 6936,
            "target": 34962
        },
        {
            "buffer": 0,
            "byteOffset": 13872,
            "byteLength": 4624,
            "target": 34962
        },
        {
            "buffer": 0,
            "byteOffset": 18496,
            "byteLength": 4624,
            "target": 34962
        },
        {
            "buffer": 0,
            "byteOffset": 23120,
            "byteLength": 13248,
            "target": 34963
        },
        {
            "buffer": 0,
            "byteOffset": 36368,
            "byteLength": 4624
        },
        {
            "buffer": 0,
            "byteOffset": 45616,
            "byteLength": 9248
        },
        {
            "buffer": 0,
            "byteOffset": 54864,
            "byteLength": 3264,
            "target": 34962
        },
        {
            "buffer": 0,
            "byteOffset": 58128,
            "byteLength": 3264,
            "target": 34962
        },
        {
            "buffer": 0,
            "byteOffset": 61392,
            "byteLength": 2176,
            "target": 34962
        },
        {
            "buffer": 0,
            "byteOffset": 63568,
            "byteLength": 2176,
            "target": 34962
        },
        {
            "buffer": 0,
            "byteOffset": 65744,
            "byteLength": 2712,
            "target": 34963
        },
        {
            "buffer": 0,
            "byteOffset": 68456,
            "byteLength": 2176
        },
        {
            "buffer": 0,
            "byteOffset": 72808,
            "byteLength": 4352
        },
        {
            "buffer": 0,
            "byteOffset": 77160,
            "byteLength": 263244,
            "target": 34962
        },
        {
            "buffer": 0,
            "byteOffset": 340404,
            "byteLength": 263244,
            "target": 34962
        },
        {
            "buffer": 0,
            "byteOffset": 603648,
            "byteLength": 175496,
            "target": 34962
        },
        {
            "buffer": 0,
            "byteOffset": 779144,
            "byteLength": 175496,
            "target": 34962
        },
        {
            "buffer": 0,
            "byteOffset": 954640,
            "byteLength": 439872,
            "target": 34963
        },
        {
            "buffer": 0,
            "byteOffset": 1394512,
            "byteLength": 175496
        },
        {
            "buffer": 0,
            "byteOffset": 1745504,
            "byteLength": 350992
        },
        {
            "buffer": 0,
            "byteOffset": 2096496,
            "byteLength": 10624
        }
    ],
    "images": [
        {
            "uri": "textures\\Dragon_Bump_Col2.jpg"
        },
        {
            "uri": "textures\\Dragon_Nor_mirror2.jpg"
        }
    ],
    "materials": [
        {
            "name": "EYES",
            "pbrMetallicRoughness": {
                "baseColorTexture": {
                    "index": 0
                },
                "baseColorFactor": [
                    0.800000011920929,
                    0.800000011920929,
                    0.800000011920929,
                    1.0
                ],
                "metallicFactor": 0.0,
                "roughnessFactor": 0.690034806728363
            },
            "normalTexture": {
                "index": 1
            },
            "emissiveTexture": {
                "index": 0
            },
            "extensions": {
                "KHR_materials_specular": {
                    "specularFactor": 1.0,
                    "specularTexture": {
                        "index": 0
                    }
                }
            }
        },
        {
            "name": "Game_dragon",
            "pbrMetallicRoughness": {
                "baseColorTexture": {
                    "index": 0
                },
                "baseColorFactor": [
                    0.12299240380525589,
                    0.04159313067793846,
                    0.017175352200865746,
                    1.0
                ],
                "metallicFactor": 0.0,
                "roughnessFactor": 0.7234668135643005
            },
            "normalTexture": {
                "index": 1
            },
            "extensions": {
                "KHR_materials_specular": {
                    "specularFactor": 1.0,
                    "specularTexture": {
                        "index": 0
                    }
                }
            }
        },
        {
            "name": "Game_dragon.001",
            "pbrMetallicRoughness": {
                "baseColorTexture": {
                    "index": 0
                },
                "baseColorFactor": [
                    0.16567400097846985,
                    0.16567400097846985,
                    0.16567400097846985,
                    1.0
                ],
                "metallicFactor": 0.0,
                "roughnessFactor": 0.7234668135643005
            },
            "normalTexture": {
                "index": 1
            },
            "extensions": {
                "KHR_materials_specular": {
                    "specularFactor": 1.0,
                    "specularTexture": {
                        "index": 0
                    }
                }
            }
        }
    ],
    "meshes": [
        {
            "name": "Cube.004",
            "primitives": [
                {
                    "mode": 4,
                    "material": 0,
                    "indices": 4,
                    "attributes": {
                        "POSITION": 0,
                        "NORMAL": 1,
                        "TEXCOORD_0": 2,
                        "TEXCOORD_1": 3,
                        "JOINTS_0": 5,
                        "WEIGHTS_0": 6
                    }
                },
                {
                    "mode": 4,
                    "material": 1,
                    "indices": 11,
                    "attributes": {
                        "POSITION": 7,
                        "NORMAL": 8,
                        "TEXCOORD_0": 9,
                        "TEXCOORD_1": 10,
                        "JOINTS_0": 12,
                        "WEIGHTS_0": 13
                    }
                },
                {
                    "mode": 4,
                    "material": 2,
                    "indices": 18,
                    "attributes": {
                        "POSITION": 14,
                        "NORMAL": 15,
                        "TEXCOORD_0": 16,
                        "TEXCOORD_1": 17,
                        "JOINTS_0": 19,
                        "WEIGHTS_0": 20
                    }
                }
            ]
        }
    ],
    "nodes": [
        {
            "name": "RootNode",
            "children": [
                1,
                2,
                233
            ]
        },
        {
            "name": "Sun",
            "matrix": [
                0.6668158173561096,
                -0.7449886798858643,
                -0.018668461591005325,
                0.0,
                -0.663158655166626,
                -0.5817717909812927,
                -0.4709162414073944,
                0.0,
                0.33996647596359253,
                0.32639455795288086,
                -0.8819803595542908,
                0.0,
                30.111160278320313,
                19.981782913208008,
                12.47836685180664,
                1.0
            ],
            "extras": {
                "UserProperties": "",
                "IsNull": false,
                "DefaultAttributeIndex": 0,
                "InheritType": 1
            }
        },
        {
            "name": "a",
            "matrix": [
                1.0,
                0.0,
                0.0,
                0.0,
                0.0,
                0.006903907284140587,
                -0.9999761581420898,
                0.0,
                0.0,
                0.9999761581420898,
                0.006903907284140587,
                0.0,
                0.0,
                0.0,
                0.0,
                1.0
            ],
            "children": [
                3,
                116,
                118,
                120,
                141,
                162,
                183,
                204,
                206,
                208,
                211,
                214,
                216,
                218,
                221,
                223,
                227,
                229,
                231
            ],
            "extras": {
                "UserProperties": "",
                "IsNull": false,
                "DefaultAttributeIndex": 0,
                "InheritType": 1
            }
        },
        {
            "name": "pelvic_2",
            "matrix": [
                -1.0,
                8.742277657347586e-8,
                0.0,
                0.0,
                -8.547264229719076e-8,
                -0.9776930809020996,
                0.2100386917591095,
                0.0,
                1.83621651217436e-8,
                0.2100386917591095,
                0.9776930809020996,
                0.0,
                0.0072989980690181255,
                15.080546379089355,
                15.449115753173828,
                1.0
            ],
            "children": [
                4,
                9,
                15,
                21
            ],
            "extras": {
                "UserProperties": "",
                "IsNull": false,
                "DefaultAttributeIndex": 0,
                "InheritType": 1
            }
        },
        {
            "name": "tail_1",
            "matrix": [
                -1.0,
                0.0000030120188512228196,
                -1.8050400285574142e-7,
                0.0,
                -0.0000029759196422673995,
                -0.9943668842315674,
                -0.10599309206008911,
                0.0,
                -4.987404054190847e-7,
                -0.10599309206008911,
                0.9943668842315674,
                0.0,
                0.0,
                0.0,
                0.0,
                1.0
            ],
            "children": [
                5
            ],
            "extras": {
                "UserProperties": "",
                "IsNull": false,
                "DefaultAttributeIndex": 0,
                "InheritType": 1
            }
        },
        {
            "name": "tail_2",
            "matrix": [
                1.0,
                -0.0000030593016617785906,
                0.0,
                0.0,
                0.0000030568060083169257,
                0.999184250831604,
                -0.04038384556770325,
                0.0,
                1.2354637135558733e-7,
                0.04038384556770325,
                0.999184250831604,
                0.0,
                4.602043190971017e-10,
                11.59005069732666,
                -0.000001904022383314441,
                1.0
            ],
            "children": [
                6
            ],
            "extras": {
                "UserProperties": "",
                "IsNull": false,
                "DefaultAttributeIndex": 0,
                "InheritType": 1
            }
        },
        {
            "name": "tail_3",
            "matrix": [
                1.0,
                -0.00000211967017094139,
                -4.820694243790058e-7,
                0.0,
                0.000002173733037125203,
                0.9733735918998718,
                0.22922439873218536,
                0.0,
                -1.6646453104840475e-8,
                -0.22922439873218536,
                0.9733735918998718,
                0.0,
                -5.593392415903509e-10,
                17.930795669555664,
                -0.000002379349325565272,
                1.0
            ],
            "children": [
                7
            ],
            "extras": {
                "UserProperties": "",
                "IsNull": false,
                "DefaultAttributeIndex": 0,
                "InheritType": 1
            }
        },
        {
            "name": "ik_ACT_tail_5",
            "matrix": [
                1.0,
                -7.994933639565716e-7,
                0.0,
                0.0,
                7.923547400423558e-7,
                0.9910710453987122,
                0.1333346962928772,
                0.0,
                -1.0660020421937588e-7,
                -0.1333346962928772,
                0.9910710453987122,
                0.0,
                1.9372237147763371e-10,
                21.027660369873047,
                9.477843718741497e-7,
                1.0
            ],
            "children": [
                8
            ],
            "extras": {
                "UserProperties": "",
                "IsNull": false,
                "DefaultAttributeIndex": 0,
                "InheritType": 1
            }
        },
        {
            "name": "ik_ACT_tail_5_end",
            "matrix": [
                1.0,
                0.0,
                0.0,
                0.0,
                0.0,
                1.0,
                0.0,
                0.0,
                0.0,
                0.0,
                1.0,
                0.0,
                0.0,
                15.295034408569336,
                0.0,
                1.0
            ],
            "extras": {
                "UserProperties": "",
                "IsNull": false,
                "DefaultAttributeIndex": 0,
                "InheritType": 1
            }
        },
        {
            "name": "Oberschenkel_L",
            "matrix": [
                0.9912201762199402,
                0.07780946791172028,
                -0.10690304636955261,
                0.0,
                -0.13222168385982513,
                0.583415687084198,
                -0.8013386130332947,
                0.0,
                0.000017181038856506348,
                0.8084378838539124,
                0.5885815024375916,
                0.0,
                -2.984915256500244,
                4.122556209564209,
                -1.8836137056350708,
                1.0
            ],
            "children": [
                10
            ],
            "extras": {
                "UserProperties": "",
                "IsNull": false,
                "DefaultAttributeIndex": 0,
                "InheritType": 1
            }
        },
        {
            "name": "lowerleg_L",
            "matrix": [
                -0.991203784942627,
                0.1323443204164505,
                0.00018578680464997888,
                0.0,
                -0.08002860844135284,
                -0.5982617139816284,
                -0.7972943782806396,
                0.0,
                -0.10540622472763062,
                -0.7902960181236267,
                0.6035906076431274,
                0.0,
                -1.4901161193847656e-7,
                10.284308433532715,
                3.411405486986041e-7,
                1.0
            ],
            "children": [
                11,
                13
            ],
            "extras": {
                "UserProperties": "",
                "IsNull": false,
                "DefaultAttributeIndex": 0,
                "InheritType": 1
            }
        },
        {
            "name": "kneecap_Act_L",
            "matrix": [
                -0.9993685483932495,
                -0.0004383944906294346,
                0.03552848473191261,
                0.0,
                -0.035530589520931244,
                0.0065322513692080975,
                -0.9993472099304199,
                0.0,
                0.00020602732547558844,
                -0.9999785423278809,
                -0.006543703842908144,
                0.0,
                0.06012673303484917,
                -1.1072919368743896,
                0.7208805680274963,
                1.0
            ],
            "children": [
                12
            ],
            "extras": {
                "UserProperties": "",
                "IsNull": false,
                "DefaultAttributeIndex": 0,
                "InheritType": 1
            }
        },
        {
            "name": "kneecap_Act_L_end",
            "matrix": [
                1.0,
                0.0,
                0.0,
                0.0,
                0.0,
                1.0,
                0.0,
                0.0,
                0.0,
                0.0,
                1.0,
                0.0,
                0.0,
                2.2396442890167236,
                0.0,
                1.0
            ],
            "extras": {
                "UserProperties": "",
                "IsNull": false,
                "DefaultAttributeIndex": 0,
                "InheritType": 1
            }
        },
        {
            "name": "lowerleg_muscle_L",
            "matrix": [
                -0.9993894696235657,
                -0.034937575459480286,
                0.00009418282570550218,
                0.0,
                0.03493770211935043,
                -0.9993856549263,
                0.0027559171430766582,
                0.0,
                -0.0000021600935724563897,
                0.002757525071501732,
                0.9999961853027344,
                0.0,
                -0.035311926156282425,
                10.965547561645508,
                0.8798112869262695,
                1.0
            ],
            "children": [
                14
            ],
            "extras": {
                "UserProperties": "",
                "IsNull": false,
                "DefaultAttributeIndex": 0,
                "InheritType": 1
            }
        },
        {
            "name": "lowerleg_muscle_L_end",
            "matrix": [
                1.0,
                0.0,
                0.0,
                0.0,
                0.0,
                1.0,
                0.0,
                0.0,
                0.0,
                0.0,
                1.0,
                0.0,
                0.0,
                8.223139762878418,
                0.0,
                1.0
            ],
            "extras": {
                "UserProperties": "",
                "IsNull": false,
                "DefaultAttributeIndex": 0,
                "InheritType": 1
            }
        },
        {
            "name": "Oberschenkel_R",
            "matrix": [
                0.7655535936355591,
                0.4534369111061096,
                0.456423819065094,
                0.0,
                0.13220660388469696,
                0.583412766456604,
                -0.8013432025909424,
                0.0,
                -0.6296420693397522,
                0.6738133430480957,
                0.38668641448020935,
                0.0,
                2.9849162101745605,
                4.122555732727051,
                -1.8836134672164917,
                1.0
            ],
            "children": [
                16
            ],
            "extras": {
                "UserProperties": "",
                "IsNull": false,
                "DefaultAttributeIndex": 0,
                "InheritType": 1
            }
        },
        {
            "name": "lowerleg_R",
            "matrix": [
                -0.7656036615371704,
                -0.13235312700271606,
                0.6295503973960876,
                0.0,
                -0.44469135999679565,
                -0.5982735753059387,
                -0.6665720343589783,
                0.0,
                0.4648662805557251,
                -0.790285587310791,
                0.3991841673851013,
                0.0,
                -1.1920928955078125e-7,
                10.28431224822998,
                -0.0000010132789611816406,
                1.0
            ],
            "children": [
                17,
                19
            ],
            "extras": {
                "UserProperties": "",
                "IsNull": false,
                "DefaultAttributeIndex": 0,
                "InheritType": 1
            }
        },
        {
            "name": "kneecap_Act_R",
            "matrix": [
                -0.9956825375556946,
                0.08605507016181946,
                -0.034796182066202164,
                0.0,
                0.03548893705010414,
                0.006532945670187473,
                -0.9993487000465393,
                0.0,
                -0.08577170968055725,
                -0.9962689876556396,
                -0.009558743797242641,
                0.0,
                -0.0601012222468853,
                -1.1072109937667847,
                0.7208899259567261,
                1.0
            ],
            "children": [
                18
            ],
            "extras": {
                "UserProperties": "",
                "IsNull": false,
                "DefaultAttributeIndex": 0,
                "InheritType": 1
            }
        },
        {
            "name": "kneecap_Act_R_end",
            "matrix": [
                1.0,
                0.0,
                0.0,
                0.0,
                0.0,
                1.0,
                0.0,
                0.0,
                0.0,
                0.0,
                1.0,
                0.0,
                0.0,
                2.239638328552246,
                0.0,
                1.0
            ],
            "extras": {
                "UserProperties": "",
                "IsNull": false,
                "DefaultAttributeIndex": 0,
                "InheritType": 1
            }
        },
        {
            "name": "lowerleg_muscle_R",
            "matrix": [
                -0.9993894100189209,
                0.0349397175014019,
                -0.000058946774515789,
                0.0,
                -0.03493973985314369,
                -0.9993850588798523,
                0.0029533335473388433,
                0.0,
                0.00004427811290952377,
                0.0029535898938775063,
                0.9999956488609314,
                0.0,
                0.03534369170665741,
                10.965538024902344,
                0.8798109292984009,
                1.0
            ],
            "children": [
                20
            ],
            "extras": {
                "UserProperties": "",
                "IsNull": false,
                "DefaultAttributeIndex": 0,
                "InheritType": 1
            }
        },
        {
            "name": "lowerleg_muscle_R_end",
            "matrix": [
                1.0,
                0.0,
                0.0,
                0.0,
                0.0,
                1.0,
                0.0,
                0.0,
                0.0,
                0.0,
                1.0,
                0.0,
                0.0,
                8.223122596740723,
                0.0,
                1.0
            ],
            "extras": {
                "UserProperties": "",
                "IsNull": false,
                "DefaultAttributeIndex": 0,
                "InheritType": 1
            }
        },
        {
            "name": "pelvic_1",
            "matrix": [
                1.0,
                0.0,
                0.0,
                0.0,
                0.0,
                0.886377215385437,
                -0.4629637897014618,
                0.0,
                0.0,
                0.4629637897014618,
                0.886377215385437,
                0.0,
                3.9463543544115964e-11,
                6.550323486328125,
                -7.156201036195853e-7,
                1.0
            ],
            "children": [
                22
            ],
            "extras": {
                "UserProperties": "",
                "IsNull": false,
                "DefaultAttributeIndex": 0,
                "InheritType": 1
            }
        },
        {
            "name": "paunch",
            "matrix": [
                1.0,
                0.0,
                2.723520822200953e-7,
                0.0,
                -3.1576099956964754e-8,
                0.9932563900947571,
                0.11593852937221527,
                0.0,
                -2.705154429349932e-7,
                -0.11593852937221527,
                0.9932563900947571,
                0.0,
                -2.672209120646585e-10,
                5.523559093475342,
                -4.78206857223995e-7,
                1.0
            ],
            "children": [
                23
            ],
            "extras": {
                "UserProperties": "",
                "IsNull": false,
                "DefaultAttributeIndex": 0,
                "InheritType": 1
            }
        },
        {
            "name": "breast",
            "matrix": [
                1.0,
                0.0,
                -1.392325970073216e-7,
                0.0,
                1.8100514864727302e-8,
                0.991513729095459,
                0.1300019919872284,
                0.0,
                1.3805103549202613e-7,
                -0.1300019919872284,
                0.991513729095459,
                0.0,
                8.382912142224086e-10,
                6.116476535797119,
                2.390366660165455e-7,
                1.0
            ],
            "children": [
                24,
                26,
                80,
                83,
                86,
                101
            ],
            "extras": {
                "UserProperties": "",
                "IsNull": false,
                "DefaultAttributeIndex": 0,
                "InheritType": 1
            }
        },
        {
            "name": "paunch.002",
            "matrix": [
                -1.0,
                0.0,
                -3.8941436741879443e-7,
                0.0,
                3.8941382740631525e-7,
                0.0016500505153089762,
                -0.9999986290931702,
                0.0,
                6.425533993770216e-10,
                -0.9999986290931702,
                -0.0016500505153089762,
                0.0,
                -2.083028860511149e-9,
                3.094360589981079,
                1.5994958877563477,
                1.0
            ],
            "children": [
                25
            ],
            "extras": {
                "UserProperties": "",
                "IsNull": false,
                "DefaultAttributeIndex": 0,
                "InheritType": 1
            }
        },
        {
            "name": "paunch.002_end",
            "matrix": [
                1.0,
                0.0,
                0.0,
                0.0,
                0.0,
                1.0,
                0.0,
                0.0,
                0.0,
                0.0,
                1.0,
                0.0,
                0.0,
                6.911004543304443,
                0.0,
                1.0
            ],
            "extras": {
                "UserProperties": "",
                "IsNull": false,
                "DefaultAttributeIndex": 0,
                "InheritType": 1
            }
        },
        {
            "name": "ACT_neck_4",
            "matrix": [
                -1.0,
                -0.000060630769439740106,
                0.00006571610720129684,
                0.0,
                0.000007481077773263678,
                0.6756594181060791,
                0.7372139096260071,
                0.0,
                -0.00008909955795388669,
                0.7372139096260071,
                -0.6756594181060791,
                0.0,
                1.2125269677198958e-9,
                5.4226393699646,
                -0.0000029359352993196808,
                1.0
            ],
            "children": [
                27
            ],
            "extras": {
                "UserProperties": "",
                "IsNull": false,
                "DefaultAttributeIndex": 0,
                "InheritType": 1
            }
        },
        {
            "name": "ACT_neck_3",
            "matrix": [
                1.0,
                -0.000035150369512848556,
                -0.00003210283466614783,
                0.0,
                0.000002305328962393105,
                0.7093396782875061,
                -0.7048668265342712,
                0.0,
                0.00004754814290208742,
                0.7048668265342712,
                0.7093396782875061,
                0.0,
                4.656612873077393e-10,
                2.9601449966430664,
                1.7199249668919947e-7,
                1.0
            ],
            "children": [
                28
            ],
            "extras": {
                "UserProperties": "",
                "IsNull": false,
                "DefaultAttributeIndex": 0,
                "InheritType": 1
            }
        },
        {
            "name": "ACT_neck_2",
            "matrix": [
                1.0,
                0.0000023295901883102488,
                -0.00004183862256468274,
                0.0,
                -0.0000027142516501044156,
                0.9999577403068542,
                -0.009196287021040916,
                0.0,
                0.00004181543044978753,
                0.009196287021040916,
                0.9999577403068542,
                0.0,
                -1.0477378964424133e-9,
                3.672792434692383,
                0.0000010698462347136228,
